[1] "X1Y1" rho=0 gamma=1.5
     fincap_markowitz fincap_thumb fincap_cocco fincap_bodie fincap_munk fincap_h.munk
[1,]         122.8338     118.3101     103.7754    -6828.294    95.60955      99.64754
[2,]         214.8562     203.8636     158.4279   -21690.431   112.75147     130.97346
[3,]         289.2568     261.0217     159.5197   -45545.469    79.94048     115.10876
[1] "X1Y2" rho=0 gamma=3
     fincap_markowitz fincap_thumb fincap_cocco fincap_bodie fincap_munk fincap_h.munk
[1,]         113.5660     102.9828     70.33344     113.8231    56.51115      72.67919
[2,]         182.8631     158.5465     60.98149     199.4966   -18.19060      47.40977
[3,]         224.7213     164.2744    -49.52911  -71795.7561  -185.96974     -58.95071
[1] "X1Y3"rho=0 gamma=5
     fincap_markowitz fincap_thumb fincap_cocco fincap_bodie fincap_munk fincap_h.munk
[1,]         102.3556     84.32079     29.85956     112.6954     13.8837      49.68325
[2,]         144.7496    104.29633    -54.66119     196.0013   -155.0869     -15.46381
[3,]         147.0787     47.25117   -300.06888     252.9561   -467.7433    -196.38875
[1] "X1Y4" rho=0 gamma=10
     fincap_markowitz fincap_thumb fincap_cocco fincap_bodie fincap_munk fincap_h.munk
[1,]         71.54321     33.42596    -80.97759     113.9140   -82.21555      6.447445
[2,]         38.01669    -47.04345   -379.22592     193.7291  -457.48314   -138.079686
[3,]        -68.76726   -276.15476   -996.57612     244.8743 -1094.20099   -463.285691







[1] "X2Y1" rho=0.2 gamma=1.5
     fincap_markowitz fincap_thumb fincap_cocco fincap_bodie fincap_munk fincap_h.munk
[1,]         121.9876     117.1224     102.0385     92.27869    93.98645      100.2487
[2,]         212.0135     200.3228     153.6564    127.65018   107.69307      135.4491
[3,]         283.0293     252.9264     148.2626    107.74578    68.73065      122.1244
[1] "X2Y2" rho=0.2 gamma=3
     fincap_markowitz fincap_thumb fincap_cocco fincap_bodie fincap_munk fincap_h.munk
[1,]         111.8985     100.9571     67.92369     90.30614    54.91454      92.30404
[2,]         176.8398     151.8381     52.99579    122.67690   -23.96442     121.08036
[3,]         212.0456     149.6919    -67.05016     98.76106  -198.51643      85.54846
[1] "X2Y3" rho=0.2 gamma=5
     fincap_markowitz fincap_thumb fincap_cocco fincap_bodie fincap_munk fincap_h.munk
[1,]         97.38419    77.266389     17.80449     114.2934      5.2735      127.7546
[2,]        128.20919    82.684029    -91.22315     200.6052   -177.1586      227.0505
[3,]        112.74669     1.046573   -378.43687     258.2287   -517.7081      313.9260
[1] "X2Y4" rho=0.2 gamma=10
     fincap_markowitz fincap_thumb fincap_cocco fincap_bodie fincap_munk fincap_h.munk
[1,]         65.22852     25.86295    -91.18089     113.0900    -46.9012      122.2925
[2,]         14.42132    -72.85719   -414.22632     191.4203   -319.6122      208.3136
[3,]       -115.22613   -328.32551  -1066.82678     247.2919   -823.8528      276.0397









[1] "X3Y1" rho=0.4 gamma=1.5
     fincap_markowitz fincap_thumb fincap_cocco fincap_bodie fincap_munk fincap_h.munk
[1,]         120.9693     115.8424     100.1175     90.05390    91.71362      105.0860
[2,]         207.8672     195.4685     146.2916    121.38556    98.56629      153.2327
[3,]         274.4394     242.5958     132.6286     68.10483    49.76908      156.8976
[1] "X3Y2" rho=0.4 gamma=3
     fincap_markowitz fincap_thumb fincap_cocco fincap_bodie fincap_munk fincap_h.munk
[1,]         109.5202     97.68803     62.74096     97.66282    49.71097      130.2819
[2,]         168.4439    141.28023     36.56701    148.26792   -39.67668      235.7129
[3,]         194.6630    127.11279   -102.36987    149.06182  -232.65113      331.5110
[1] "X3Y3" rho=0.4 gamma=5
     fincap_markowitz fincap_thumb fincap_cocco fincap_bodie fincap_munk fincap_h.munk
[1,]         93.97629     72.72222     11.11314     113.9217    7.169994      127.8544
[2,]        115.87930     68.11005   -112.21923     200.0165 -165.003879      227.4189
[3,]         87.52086    -30.02594   -423.53255     252.1923 -496.539634      314.5880
[1] "X3Y4" rho=0.4 gamma=10
     fincap_markowitz fincap_thumb fincap_cocco fincap_bodie fincap_munk fincap_h.munk
[1,]         56.68306     14.60779    -107.5263     111.5011    115.7591      121.9891
[2,]        -14.98817   -108.65147    -465.9802     184.8842    197.8421      207.5016
[3,]       -175.74123   -404.22387   -1176.8257     237.7464    263.6095      274.1976
